2.58
0.5898
0.59
0.3782
0.59
0.5898
0.0002834
170.327
2.549
0.5715
0.5715
0.3475
0.5715
0.5715
0.002588
687.703
2.542
0.611
0.611
0.3889
0.611
0.611
0.007954
1192.318
1.134
0.3463
0.3657
0.3203
0.3657
0.3463
0.007397
432.662
1.269
0.3854
0.4064
0.3477
0.4064
0.3854
0.01392
706.603
3.745
1.338
1.418
1.432
1.418
1.338
0.003662
614.357
3.237
1.129
1.174
1.104
1.174
1.129
0.003202
630.69
2.695
0.8432
0.8972
0.8725
0.8972
0.8432
0.0002644
162.315
2.955
0.8688
0.8962
0.7971
0.8962
0.8688
0.001655
539.139
3.009
0.9205
0.9383
0.8568
0.9383
0.9205
0.01182
1451.796
1.039
0.3148
0.3346
0.3557
0.3346
0.3148
0.01864
693.991
1.531
0.4479
0.4631
0.3979
0.4631
0.4479
0.01047
605.8
2.472
0.7324
0.7491
0.9475
0.7491
0.7324
0.01334
1230.204
3.404
0.9701
1
0.8036
1
0.9701
0.014
1449.118
2.426
0.759
0.7872
1.002
0.7872
0.759
0.002548
649.704
2.982
1.089
1.187
1.133
1.187
1.089
0.000814
341.762
2.874
0.84
0.8662
0.8607
0.8662
0.84
0.005574
996.696
2.549
0.6004
0.6005
0.3827
0.6005
0.6004
0.002022
583.951
1.301
0.382
0.4003
0.327
0.4003
0.382
0.009688
502.601
1.152
0.333
0.3556
0.3723
0.3556
0.333
0.004148
371.052
2.542
0.583
0.583
0.3608
0.583
0.583
0.001652
527.744
2.664
0.8131
0.8342
0.7619
0.8342
0.8131
0.009503
1031.085
1.656
0.5016
0.5458
0.5917
0.5458
0.5016
0.0007131
282.753
2.855
0.9815
1.046
0.9099
1.046
0.9815
0.009208
1204.712
2.728
0.826
0.8638
0.9204
0.8638
0.826
0.008054
1177.795
2.342
0.7115
0.7586
0.7819
0.7586
0.7115
0.002782
684.216
2.579
0.6
0.6005
0.3911
0.6005
0.6
0.0002376
145.136